10,216
10,90
10,164
10,102
10,278
10,194
10,162
11,18
11,6
11,12
8,9
20,3
20,2
20,1
19,3
19,2
19,1
12,3
12,2
12,1
11,28
11,26
11,24
11,22
11,20
11,16
11,14
11,10
11,8
11,4
11,3
11,2
11,1
10,312
10,304
10,242
10,232
10,200
10,192
10,166
10,158
10,134
10,124
10,114
18,1
18,3
10,112
10,110
14,1
14,3
10,74
13,1
13,3
10,22
10,18
10,3
10,2
10,1
9,7
9,6
9,4
9,3
9,2
9,1
8,18
8,17
8,16
8,15
8,14
8,13
8,12
8,11
8,8
8,6
8,5
8,4
8,3
8,2
8,1
3,3
3,2
3,1
2,3
2,2
2,1
0,0
45,34
45,33
45,32
45,31
45,30
45,29
45,28
45,27
