0,419
0,418
0,417
0,416
0,415
0,414
0,413
0,412
0,411
0,410
0,409
0,408
0,407
0,406
0,405
0,404
0,403
0,402
0,401
0,400
0,399
33,4
0,398
0,397
0,396
33,3
33,2
0,395
33,1
33,0
0,394
0,393
0,392
32,4
0,391
0,390
32,3
32,2
32,1
32,0
0,389
0,278
0,388
0,387
0,386
0,385
0,384
31,3
31,2
31,1
31,0
30,3
30,2
30,1
30,0
0,319
0,318
29,4
29,3
29,2
29,1
29,0
28,3
28,2
28,1
28,0
27,4
27,3
27,2
27,1
27,0
26,3
26,2
26,1
26,0
0,317
0,316
25,4
25,3
25,2
0,283
25,1
25,0
24,3
24,2
0,9
24,1
24,0
3,2
10,141
10,2
10,3
11,13
11,9
11,7
11,11
11,2
11,3
9,5
9,2
9,3
8,7
8,6
8,5
8,12
8,10
8,2
8,3
12,2
12,1
12,3
20,2
20,1
20,3
19,2
11,29
11,28
11,27
19,1
19,3
11,26
11,25
11,24
11,23
11,22
11,21
11,1
11,20
10,313
10,312
